47879.300000 47880.300000           -1           -1           -1           -1           -1           -1           -1           -1           -1           -1           -1           -1 
47880.300000 47881.300000      -5.4322     -3.42541           -1           -1           -1           -1     -2.05128     -4.97646           -1           -1           -1           -1 
47881.300000 47882.300000     -5.39125     -3.54733           -1           -1           -1           -1     -2.19873      -4.9926           -1           -1           -1           -1 
47882.300000 47883.300000     -5.18741     -3.80473           -1           -1           -1           -1     -2.36732     -5.00859           -1           -1           -1           -1 
47883.300000 47884.300000     -5.07959     -3.91495           -1           -1           -1           -1     -2.58602     -5.02431           -1           -1           -1           -1 
47884.300000 47885.300000     -5.18889      -3.7671           -1           -1           -1           -1     -2.73521     -5.02836           -1           -1           -1           -1 
47885.300000 47886.300000     -5.10294     -3.80397           -1           -1           -1           -1     -2.82769     -5.02472           -1           -1           -1           -1 
47886.300000 47887.300000     -4.98691     -3.83113           -1           -1           -1           -1     -2.91741     -5.00163           -1           -1           -1           -1 
47887.300000 47888.300000     -4.87264     -3.87633           -1           -1           -1           -1     -2.98769     -4.96207           -1           -1           -1           -1 
47888.300000 47889.300000     -4.77949     -3.94423           -1           -1           -1           -1     -3.04189     -4.90838           -1           -1           -1           -1 
47889.300000 47890.300000     -4.69373     -4.01906           -1           -1           -1           -1     -3.10979     -4.86261           -1           -1           -1           -1 
47890.300000 47891.300000     -4.61215     -4.08367           -1           -1           -1           -1     -3.19036     -4.83582           -1           -1           -1           -1 
47891.300000 47892.300000     -4.51906     -4.16448           -1           -1           -1           -1     -3.28405     -4.82193           -1           -1           -1           -1 
47892.300000 47893.300000     -4.41585     -4.24366           -1           -1           -1           -1      -3.3681     -4.82294           -1           -1           -1           -1 
47893.300000 47894.300000     -4.33399     -4.29089           -1           -1           -1           -1     -3.42644     -4.82357           -1           -1           -1           -1 
47894.300000 47895.300000     -4.23938     -4.33124           -1           -1           -1           -1     -3.50869      -4.8158           -1           -1           -1           -1 
47895.300000 47896.300000     -4.14584     -4.36307           -1           -1           -1           -1     -3.47697     -4.80494           -1           -1           -1           -1 
47896.300000 47897.300000     -4.06644     -4.37953     -4.92413     -3.79409           -1           -1     -3.47697     -4.80494           -1           -1           -1           -1 
47897.300000 47898.300000     -3.95739     -4.38969     -4.84306     -3.87465           -1           -1     -3.47697     -4.80494           -1           -1           -1           -1 
47898.300000 47899.300000     -3.85897     -4.42255      -4.7709     -3.95291           -1           -1     -3.28851     -4.84165           -1           -1           -1           -1 
47899.300000 47900.300000     -3.79537     -4.46514     -4.70448     -4.01395           -1           -1     -3.21187     -4.87837           -1           -1           -1           -1 
47900.300000 47901.300000     -3.73191      -4.5277     -4.62355     -4.06507           -1           -1     -3.05729     -4.96896           -1           -1           -1           -1 
47901.300000 47902.300000     -3.67826     -4.59364     -4.65014     -4.06464           -1           -1     -2.92288     -5.06283           -1           -1           -1           -1 
47902.300000 47903.300000     -3.63837     -4.65666     -4.65014     -4.06464           -1           -1     -2.82331     -5.12791           -1           -1           -1           -1 
47903.300000 47904.300000      -3.5853     -4.75642     -4.65014     -4.06464           -1           -1     -2.70033     -5.19256           -1           -1           -1           -1 
47904.300000 47905.300000     -3.52222     -4.85072     -4.65014     -4.06464           -1           -1     -2.55892     -5.22585           -1           -1           -1           -1 
47905.300000 47906.300000     -3.46042     -4.89776     -4.65014     -4.06464           -1           -1     -2.44461     -5.22215           -1           -1           -1           -1 
47906.300000 47907.300000     -3.38776     -4.92697     -4.65014     -4.06464           -1           -1     -2.31795     -5.19909           -1           -1           -1           -1 
47907.300000 47908.300000     -3.28549     -4.93761     -4.65014     -4.06464     -5.41901     -4.11584     -2.18773     -5.17015           -1           -1           -1           -1 
47908.300000 47909.300000     -3.17907     -4.94048     -4.65014     -4.06464     -5.28505     -4.19915     -2.07846     -5.14975           -1           -1           -1           -1 
47909.300000 47910.300000     -3.06655      -4.9472     -4.65014     -4.06464     -5.16819     -4.27843     -1.96407     -5.13262           -1           -1           -1           -1 
47910.300000 47911.300000     -2.95664     -4.96343     -4.65014     -4.06464      -5.0697     -4.38573     -1.81905     -5.11385           -1           -1           -1           -1 
47911.300000 47912.300000     -2.86044     -4.98149     -4.65014     -4.06464     -4.97552     -4.48977     -1.68045     -5.08221           -1           -1           -1           -1 
47912.300000 47913.300000     -2.29168     -5.08447      -3.4496     -4.93323     -4.39842     -4.93131     -1.09779     -4.71679           -1           -1           -1           -1 
47913.300000 47914.300000     -1.25023     -4.82072     -2.15669     -5.14263     -3.17345     -5.56351     -0.38952       -3.724           -1           -1           -1           -1 
47914.300000 47915.300000    -0.528925     -4.01296    -0.951775      -4.8327     -1.89693     -5.49102    -0.107879     -2.40366           -1           -1           -1           -1 
47915.300000 47916.300000    -0.167425     -2.75933 -0.000714211     -3.82639    -0.853185     -4.62103   -0.0891052    -0.794463           -1           -1           -1           -1 
47916.300000 47917.300000    -0.117565     -1.36954     0.323968     -2.31095     -0.44879      -3.1537     -0.24153     0.835925           -1           -1           -1           -1 
47917.300000 47918.300000   -0.0849454  -0.00318128     0.330963    -0.715035    -0.307769     -1.56498     -0.32137      2.31155           -1           -1           -1           -1 
47918.300000 47919.300000     -0.19489      1.37233     0.372564     0.863819    -0.165727   -0.0135869     -0.49297      3.72846           -1           -1           -1           -1 
47919.300000 47920.300000    -0.296761      2.81729     0.415755      2.43901    -0.170503      1.57046     -0.54019      4.60469           -1           -1           -1           -1 
47920.300000 47921.300000    -0.476501      4.16803      0.51703      3.85717    -0.262815       3.0126    -0.973545      4.98228           -1           -1           -1           -1 
47921.300000 47922.300000    -0.587737      5.31443     0.656364      5.08568    -0.613249       4.2023      -1.1547      5.82253           -1           -1           -1           -1 
47922.300000 47923.300000    -0.671505      6.30448     0.696562       6.2861    -0.928388      5.12355     -1.14492      6.91944           -1           -1           -1           -1 
47923.300000 47924.300000    -0.640458      7.20732     0.446107      7.30101      -1.1871      5.79867    -0.908486      7.86439           -1           -1           -1           -1 
47924.300000 47925.300000    -0.535665      7.75433     0.290195      8.10455     -1.59883       7.0766     -0.85113      8.08146           -1           -1           -1           -1 
47925.300000 47926.300000    -0.429865      7.85638     0.111814      8.42924     -1.83084       8.0188    -0.934919      8.11278           -1           -1           -1           -1 
47926.300000 47927.300000    -0.434182      7.87167    0.0628513      8.37363     -1.58861      8.49403    -0.935232      8.09986           -1           -1           -1           -1 
47927.300000 47928.300000    -0.335826       7.9456    0.0519525      8.40166     -1.19685      8.51314     -1.06325      7.92938           -1           -1           -1           -1 
47928.300000 47929.300000    -0.339686      8.08171      0.11159      8.31349     -1.25624      8.51434     -1.03174      8.02138           -1           -1           -1           -1 
47929.300000 47930.300000    -0.307726      8.04274   -0.0309076      8.58287     -1.42701      8.55712     -1.07756      8.27398           -1           -1           -1           -1 
47930.300000 47931.300000    -0.289872      8.08301    -0.055712      8.60008     -1.34314      8.64167     -1.08114       8.3255           -1           -1           -1           -1 
47931.300000 47932.300000    -0.390763      8.21798   -0.0476127      8.64563     -1.16253        8.667     -1.08665      8.38421           -1           -1           -1           -1 
47932.300000 47933.300000    -0.581483      8.46725    -0.144285      8.81013     -1.14889      8.63051     -1.05823      8.41575           -1           -1           -1           -1 
47933.300000 47934.300000    -0.640907      8.38118    -0.193242      8.83038     -1.20152      8.61701     -1.17118      8.13695           -1           -1           -1           -1 
47934.300000 47935.300000    -0.494611      8.01697     -0.25157      8.67451     -1.34332      8.31378     -1.18763      7.83198           -1           -1           -1           -1 
47935.300000 47936.300000    -0.194882      7.33934    -0.304227      8.18545     -1.21605      8.03768     -1.07445      7.11448           -1           -1           -1           -1 
47936.300000 47937.300000    0.0139958      6.71363    -0.378387      7.42188     -1.15239       7.3814     -0.88381      6.45965           -1           -1           -1           -1 
47937.300000 47938.300000     0.140426      5.98498    -0.254324      6.76696     -1.09399      6.43828    -0.663323      5.67766           -1           -1           -1           -1 
47938.300000 47939.300000     0.217735      5.28675    -0.107274      6.05259     -0.84298      5.63943    -0.473656      4.92093           -1           -1           -1           -1 
47939.300000 47940.300000      0.26151        4.551   -0.0900724      5.33043    -0.739956      4.96646    -0.382304      3.99045           -1           -1           -1           -1 
47940.300000 47941.300000       0.3729      3.65206    -0.157789      4.54283    -0.649011      4.41475    -0.178597      3.13897           -1           -1           -1           -1 
47941.300000 47942.300000     0.499845      2.77647    -0.184836      3.59036    -0.488697      3.29603   -0.0488975      2.15192           -1           -1           -1           -1 
47942.300000 47943.300000     0.520501      1.96305    -0.048352      2.56279    -0.276493      2.36224   0.00724703      1.16995           -1           -1           -1           -1 
47943.300000 47944.300000     0.416991      1.17427    0.0479624       1.7168     -0.35799      1.33157   -0.0300269     0.214348           -1           -1           -1           -1 
47944.300000 47945.300000     0.330095       0.2795   0.00898458     0.907677    -0.265498     0.426446   -0.0216198    -0.774049           -1           -1           -1           -1 
47945.300000 47946.300000     0.274168    -0.721523    0.0319974    0.0957855     -0.25243    -0.505086   -0.0914377      -1.8906           -1           -1           -1           -1 
47946.300000 47947.300000      0.27862     -1.76844   -0.0262899    -0.743241    -0.341036     -1.46534   -0.0471574     -2.91562           -1           -1           -1           -1 
47947.300000 47948.300000     0.473593      -2.9227    -0.026801     -1.74724    -0.404336     -2.55514   -0.0801982     -4.03968           -1           -1           -1           -1 
47948.300000 47949.300000     0.747092      -4.0827    0.0362514     -2.87302    -0.406914     -3.67807   0.00053281     -4.97722           -1           -1           -1           -1 
47949.300000 47950.300000     0.871947     -5.20533      0.10373     -3.97881    -0.348893      -4.7294      -0.0714     -5.50899           -1           -1           -1           -1 
47950.300000 47951.300000     0.848095     -6.09627     0.386911      -4.8727    -0.356066     -5.54807    -0.332524     -5.99456           -1           -1           -1           -1 
47951.300000 47952.300000     0.766319     -6.56346     0.451146     -5.39863    -0.266109     -5.96775     -0.23061     -6.51389           -1           -1           -1           -1 
47952.300000 47953.300000       0.7167      -6.7628    0.0966376     -5.63382    -0.144228     -6.18784   -0.0959128     -6.88166           -1           -1           -1           -1 
47953.300000 47954.300000     0.757282      -6.7109      -0.3908      -5.7825   -0.0508701     -6.42479     0.265702     -7.07391           -1           -1           -1           -1 
47954.300000 47955.300000     0.957152     -6.34944    -0.719594     -6.43149    -0.188654     -6.62205     0.316251     -7.26282           -1           -1           -1           -1 
47955.300000 47956.300000     0.919578     -6.36134    -0.495142     -7.37352     -0.18394     -6.69674    0.0956534     -7.62285           -1           -1           -1           -1 
47956.300000 47957.300000      0.77725     -6.65331    -0.497362     -7.60384   -0.0732528     -6.45658    0.0167381     -7.89985           -1           -1           -1           -1 
47957.300000 47958.300000     0.743703     -6.79996     -1.16313     -7.12903    -0.164678      -6.1704    -0.129318     -7.52848           -1           -1           -1           -1 
47958.300000 47959.300000     0.577826      -6.9618     -1.39643     -6.56962    -0.177958     -5.94726   -0.0669726     -7.16729           -1           -1           -1           -1 
47959.300000 47960.300000     0.664956     -7.09276     -1.41916     -6.54411    -0.274568     -5.89681     0.177376     -7.15696           -1           -1           -1           -1 
47960.300000 47961.300000     0.846816     -6.91411     -1.37674     -6.50075   -0.0704069       -6.094    -0.177246     -7.08406           -1           -1           -1           -1 
47961.300000 47962.300000     0.785285     -6.99407     -1.38949      -6.4413   -0.0706281     -5.90954   -0.0322627     -7.04727           -1           -1           -1           -1 
47962.300000 47963.300000      0.71507      -7.0597     -1.34506     -6.50767   -0.0764372     -5.93487    0.0266394      -6.9353           -1           -1           -1           -1 
47963.300000 47964.300000      0.80998     -7.20987     -1.51778     -6.39927   -0.0989328     -5.95193   -0.0851866     -6.81417           -1           -1           -1           -1 
47964.300000 47965.300000     0.869514     -7.24836     -1.14054     -6.39388   -0.0514785     -6.27981   -0.0467875     -6.85395           -1           -1           -1           -1 
47965.300000 47966.300000      1.00918     -7.33858     -1.06173     -6.35611    -0.112911     -6.36227   -0.0821493     -7.06584           -1           -1           -1           -1 
47966.300000 47967.300000     0.738455      -7.5554     -1.07194     -6.49515    -0.125207     -6.28659    -0.165927     -7.26119           -1           -1           -1           -1 
47967.300000 47968.300000      0.67076     -7.55181     -1.13485     -6.56106    -0.183904     -6.54848    -0.156481     -7.34032           -1           -1           -1           -1 
47968.300000 47969.300000     0.739885     -7.35012     -1.31624     -6.87793    -0.125596     -6.58194    -0.180985     -7.32568           -1           -1           -1           -1 
47969.300000 47970.300000     0.821468      -7.4966     -1.35373     -6.98506   -0.0269006     -6.24381    -0.206846     -7.42226           -1           -1           -1           -1 
47970.300000 47971.300000     0.781392       -7.466     -0.90437     -7.71629   -0.0524688     -6.48941    -0.212828      -7.3819           -1           -1           -1           -1 
47971.300000 47972.300000     0.761962     -7.47267    -0.212699      -8.0379    -0.285477     -6.45793    -0.201884     -7.31306           -1           -1           -1           -1 
47972.300000 47973.300000     0.731832     -7.36756     0.345247      -7.8179    -0.335011     -6.38017    -0.221859     -7.34312           -1           -1           -1           -1 
47973.300000 47974.300000     0.694779     -7.35049     0.414175     -7.71497    -0.355157     -6.68235    -0.223689     -7.32501           -1           -1           -1           -1 
47974.300000 47975.300000     0.718801     -7.35902     0.377444     -7.56358    -0.187623       -6.887    -0.294738      -7.3833           -1           -1           -1           -1 
47975.300000 47976.300000      0.72092     -7.39207     0.423096     -7.34765    -0.126143     -6.67372    -0.271347     -7.39233           -1           -1           -1           -1 
47976.300000 47977.300000     0.726131     -7.41278     0.392777     -7.24715    -0.259075     -6.40223    -0.259431     -7.38422           -1           -1           -1           -1 
47977.300000 47978.300000     0.727782     -7.43234     0.387568     -7.20422    -0.318733     -6.83564    -0.260909     -7.37644           -1           -1           -1           -1 
47978.300000 47979.300000     0.702977     -7.36615     0.370635     -7.18758    -0.252186     -6.99416    -0.264484     -7.37056           -1           -1           -1           -1 
47979.300000 47980.300000     0.516233      -7.2365     0.349771     -7.18153     -0.29006     -6.96658    -0.264927     -7.37105           -1           -1           -1           -1 
47980.300000 47981.300000     0.785268     -7.41594     0.162512     -7.29753    -0.311054     -6.89036    -0.274007     -7.33309           -1           -1           -1           -1 
47981.300000 47982.300000     0.821779     -7.42005     0.356253     -7.44371    -0.249171      -6.9878    -0.371093     -7.24589           -1           -1           -1           -1 
47982.300000 47983.300000     0.720207     -7.35725     0.304421     -7.54655    -0.230949     -7.04769    -0.397347     -7.31201           -1           -1           -1           -1 
47983.300000 47984.300000     0.722415     -7.36999    0.0450262       -7.783    -0.241018     -7.07043    -0.240334     -7.20957           -1           -1           -1           -1 
47984.300000 47985.300000     0.882061     -7.59584     0.439122      -7.6516    -0.261033     -7.08448     -0.24225     -7.36255           -1           -1           -1           -1 
47985.300000 47986.300000     0.969028     -7.73577     0.565816     -7.75153    -0.222402     -7.05154    -0.286764     -7.30082           -1           -1           -1           -1 
47986.300000 47987.300000     0.835302      -7.6123     0.325999     -7.60543    -0.187083     -7.01869    -0.270323     -7.26407           -1           -1           -1           -1 
47987.300000 47988.300000     0.746181     -7.52144     0.229069     -7.60889    -0.261962     -7.04082    -0.267262     -7.27012           -1           -1           -1           -1 
47988.300000 47989.300000     0.716135     -7.40459    0.0439969     -7.53069    -0.482458     -6.73977    -0.260733     -7.25562           -1           -1           -1           -1 
47989.300000 47990.300000     0.744912     -7.49071     0.073566     -7.58091    -0.635517     -6.63975     -0.31744      -7.2529           -1           -1           -1           -1 
47990.300000 47991.300000     0.788813      -7.6282     0.158327     -7.59167    -0.508476     -6.66258    -0.454868     -7.41897           -1           -1           -1           -1 
47991.300000 47992.300000       0.8694     -7.69674      0.17362     -7.55592    -0.734707     -6.58082    -0.343482     -7.44048           -1           -1           -1           -1 
47992.300000 47993.300000     0.850236     -7.68969     0.151359     -7.61199    -0.773484      -6.6349    -0.406165     -7.44932           -1           -1           -1           -1 
47993.300000 47994.300000     0.819388     -7.70434       0.1551     -7.60365    -0.653286     -6.66988    -0.380038     -7.46964           -1           -1           -1           -1 
47994.300000 47995.300000     0.805312     -7.69242     0.138339      -7.5808    -0.510334     -6.81016    -0.353685      -7.4617           -1           -1           -1           -1 
47995.300000 47996.300000       0.7804     -7.65271     0.314353     -7.56505    -0.424548     -6.84694    -0.323474     -7.40305           -1           -1           -1           -1 
47996.300000 47997.300000     0.684133      -7.2925     0.408199     -7.61292    -0.603101     -6.74328    -0.367629     -7.28833           -1           -1           -1           -1 
47997.300000 47998.300000     0.565697     -7.17032     0.524277     -8.06797    -0.529596     -6.76961    -0.531749     -7.21868           -1           -1           -1           -1 
47998.300000 47999.300000     0.370041     -7.18691     0.413758     -8.02824     -0.45221      -6.4654    -0.604651     -7.25048           -1           -1           -1           -1 
47999.300000 48000.300000      0.23807     -7.24683     0.205609      -7.9105   -0.0484358     -6.24604     -0.57583     -7.23765           -1           -1           -1           -1 
48000.300000 48001.300000     0.191237     -7.33419     0.245611     -7.98373     0.587939     -6.36472    -0.560875     -7.22863           -1           -1           -1           -1 
48001.300000 48002.300000     0.174246      -7.3405     0.305853     -8.10603      1.19709     -6.51865     -0.53216      -7.2626           -1           -1           -1           -1 
48002.300000 48003.300000     0.180671     -7.37801     0.303142     -8.05415      1.11058     -6.58134     -0.52538     -7.36116           -1           -1           -1           -1 
48003.300000 48004.300000     0.206056      -7.3868     0.273838     -7.92967     0.965354      -6.4698    -0.655713     -7.37721           -1           -1           -1           -1 
48004.300000 48005.300000     0.207978     -7.40823     0.259391     -7.91423      1.20292       -6.536    -0.675542     -7.50885           -1           -1           -1           -1 
48005.300000 48006.300000     0.197105     -7.38759     0.245692     -7.88682      1.14189      -6.5747    -0.801028     -7.62871           -1           -1           -1           -1 
48006.300000 48007.300000     0.194383     -7.38091     0.300482     -8.00857      1.18884     -6.57261    -0.967551     -7.69257           -1           -1           -1           -1 
48007.300000 48008.300000     0.179822      -7.3645     0.184159     -8.01852      1.05612     -6.57359     -1.00697     -7.70029           -1           -1           -1           -1 
48008.300000 48009.300000     0.177162     -7.37045   -0.0551268     -7.95813      1.05375     -6.56277     -1.06946     -7.75863           -1           -1           -1           -1 
48009.300000 48010.300000     0.177091     -7.37494    0.0517336     -7.93657     0.992872     -6.51834    -0.909971     -7.81394           -1           -1           -1           -1 
48010.300000 48011.300000      0.17824     -7.33036     0.159525     -7.98869     0.972332      -6.4987    -0.930209     -7.77074           -1           -1           -1           -1 
48011.300000 48012.300000     0.189781      -7.2177     0.257271     -8.00948      1.29556     -6.59626    -0.965692     -7.80231           -1           -1           -1           -1 
48012.300000 48013.300000    0.0663514     -7.42147     0.195987     -7.97871      1.47866     -6.60198    -0.604232     -7.73915           -1           -1           -1           -1 
48013.300000 48014.300000     0.016091     -7.38282     0.121036     -8.00559       1.4011     -6.62987    -0.559861     -7.67192           -1           -1           -1           -1 
48014.300000 48015.300000   -0.0970228      -7.3842     0.151133     -8.08455      1.40424     -6.65202    -0.323776     -7.57798           -1           -1           -1           -1 
48015.300000 48016.300000   -0.0883576     -7.44397     0.114071     -8.06398      1.43854     -6.65512    -0.347021     -7.54139           -1           -1           -1           -1 
48016.300000 48017.300000     0.118713     -7.28062    0.0903778     -8.02897      1.39999     -6.65255    -0.367567     -7.60287           -1           -1           -1           -1 
48017.300000 48018.300000      0.19716      -7.3618    0.0386588     -8.02328      1.35843     -6.60853    -0.387681     -7.63827           -1           -1           -1           -1 
48018.300000 48019.300000     0.227588     -7.18263   0.00738704     -8.04621      1.36187     -6.64367    -0.415036     -7.60309           -1           -1           -1           -1 
48019.300000 48020.300000     0.451285     -7.34603    0.0227337     -8.06823      1.32308     -6.72036    -0.320787     -7.75344           -1           -1           -1           -1 
48020.300000 48021.300000     0.565877     -7.41137    0.0222185     -8.10228      1.29186     -6.67165    -0.267345     -7.80788           -1           -1           -1           -1 
48021.300000 48022.300000     0.614704     -7.06381   -0.0233539     -8.06877       1.2117     -6.60755    -0.274091     -7.78344           -1           -1           -1           -1 
48022.300000 48023.300000     0.541157     -6.82064   -0.0113518     -8.05327      1.18702     -6.56848    -0.269964     -7.77929           -1           -1           -1           -1 
48023.300000 48024.300000     0.556781      -6.7108    0.0493909     -8.01844      1.36451     -6.57081    -0.274729     -7.76683           -1           -1           -1           -1 
48024.300000 48025.300000     0.230084     -6.33975     0.102645     -8.02468      1.33618     -6.61938    -0.347158     -7.75936           -1           -1           -1           -1 
48025.300000 48026.300000     0.152791     -6.32988   -0.0157203     -8.02129      1.27403     -6.54868    -0.565804     -7.65857           -1           -1           -1           -1 
48026.300000 48027.300000     0.135192     -6.37232    0.0619713      -8.0021      1.17812     -6.28561    -0.432092     -7.59758           -1           -1           -1           -1 
48027.300000 48028.300000     0.152005     -6.38796     0.166753     -7.95536     0.793922     -6.02747    -0.309516     -7.42165           -1           -1           -1           -1 
48028.300000 48029.300000     0.205594     -6.31848    0.0831546     -7.98857     0.104182      -6.2809    -0.378507     -7.38552           -1           -1           -1           -1 
48029.300000 48030.300000     0.232144     -6.27844     0.107576     -7.99593   -0.0157588     -6.27734    -0.336195      -7.3101           -1           -1           -1           -1 
48030.300000 48031.300000     0.195643     -6.33185     0.171114     -7.98773    0.0242037     -6.31336    -0.362529     -7.35965           -1           -1           -1           -1 
48031.300000 48032.300000      0.18432     -6.33985     0.116226      -7.9644   0.00823641     -6.27397    -0.357315     -7.36914           -1           -1           -1           -1 
48032.300000 48033.300000     0.203042     -6.32505      0.10314     -7.95983    -0.131783     -6.13576    -0.361382     -7.35819           -1           -1           -1           -1 
48033.300000 48034.300000     0.243632     -6.27757     0.057785     -7.96797     0.250579     -6.03476    -0.384912     -7.34115           -1           -1           -1           -1 
48034.300000 48035.300000     0.236256     -6.28573     0.111386     -8.00612     0.993234     -6.10661    -0.400209     -7.34276           -1           -1           -1           -1 
48035.300000 48036.300000     0.249217     -6.27507     0.133487     -8.02034      1.48997     -6.82178    -0.394693     -7.34832           -1           -1           -1           -1 
48036.300000 48037.300000     0.338845     -6.31147     0.171561     -8.02122      1.27738     -7.67736    -0.389534     -7.34716           -1           -1           -1           -1 
48037.300000 48038.300000     0.407078     -6.41314     0.177722     -8.02054     0.861127     -7.64526    -0.392371     -7.35218           -1           -1           -1           -1 
48038.300000 48039.300000     0.600539     -6.80719     0.151086      -8.0521     0.571122     -7.73627     -0.36926     -7.34209           -1           -1           -1           -1 
48039.300000 48040.300000     0.673726     -6.98247     0.291971     -8.10961      0.53531     -7.83765     -0.39184      -7.3438           -1           -1           -1           -1 
48040.300000 48041.300000     0.684225     -6.99781     0.234335     -8.02227     0.524695     -7.88789    -0.376611     -7.34753           -1           -1           -1           -1 
48041.300000 48042.300000     0.555777     -7.02264    0.0670176     -7.98282     0.641042     -7.62202    -0.375833     -7.31494           -1           -1           -1           -1 
48042.300000 48043.300000     0.610284     -7.07638     0.163454     -7.99534      1.07282     -7.53691    -0.359856      -7.2619           -1           -1           -1           -1 
48043.300000 48044.300000     0.638889     -7.09597     0.107759     -8.00685      1.31755     -7.27021    -0.219543     -7.45084           -1           -1           -1           -1 
48044.300000 48045.300000     0.667652     -7.09273     0.126692     -7.98992      1.36501     -7.29434   -0.0863682     -7.73606           -1           -1           -1           -1 
48045.300000 48046.300000     0.675646       -7.103     0.117316     -8.01468      1.37624     -7.55841    -0.121486     -7.86437           -1           -1           -1           -1 
48046.300000 48047.300000     0.684294     -7.06145       0.1204      -8.0266      1.07396     -7.61286    -0.169967     -7.81478           -1           -1           -1           -1 
48047.300000 48048.300000     0.676763     -7.04632     0.122618     -8.02112     0.750476     -7.68595    -0.340924     -7.48253           -1           -1           -1           -1 
48048.300000 48049.300000     0.659789     -7.06275    0.0508055     -8.02075     0.685705     -7.61993    -0.332847     -7.26709           -1           -1           -1           -1 
48049.300000 48050.300000     0.637382     -7.13214    0.0818692     -8.01548      0.67311     -7.31501    -0.361595     -7.23639           -1           -1           -1           -1 
48050.300000 48051.300000     0.569377     -6.88258    0.0757565     -8.00892      0.64563     -7.25047     -0.38239     -7.23472           -1           -1           -1           -1 
48051.300000 48052.300000     0.411287     -6.41142    0.0107406     -8.00264     0.762731     -7.36554    -0.388093     -7.25777           -1           -1           -1           -1 
48052.300000 48053.300000     0.204421     -6.35803    0.0391326      -8.0113      0.77922     -7.40652    -0.388213     -7.28911           -1           -1           -1           -1 
48053.300000 48054.300000     -0.20693     -6.21127     0.222957      -7.8575     0.537151     -7.26124    -0.380565     -7.30361           -1           -1           -1           -1 
48054.300000 48055.300000    -0.401672     -6.52684     0.205877     -7.72434     0.418385     -7.21183    -0.382015     -7.30495           -1           -1           -1           -1 
48055.300000 48056.300000    -0.223043     -6.65972    0.0997073     -7.53668     0.358551     -7.31208    -0.368821     -7.30438           -1           -1           -1           -1 
48056.300000 48057.300000    -0.334548       -6.777    0.0613243     -7.50977     0.326631     -7.24284    -0.254987     -7.31037           -1           -1           -1           -1 
48057.300000 48058.300000    -0.360031     -6.99082    0.0864148      -7.6082     0.425177     -7.30114    -0.250049     -7.40456           -1           -1           -1           -1 
48058.300000 48059.300000    -0.180552     -6.80955    0.0903111     -7.60065     0.428124     -7.31962    -0.331828     -7.35727           -1           -1           -1           -1 
48059.300000 48060.300000    -0.208123     -6.65786     0.136079      -7.5832     0.349253     -7.12349    -0.324054     -7.34739           -1           -1           -1           -1 
48060.300000 48061.300000    -0.206774     -6.84195     0.190882     -7.57681     0.349863     -7.13525    -0.320361     -7.34985           -1           -1           -1           -1 
48061.300000 48062.300000     -0.18956     -6.84407     0.211078     -7.64042     0.299801     -7.17448    -0.276063     -7.39361           -1           -1           -1           -1 
48062.300000 48063.300000    -0.186555     -6.83455     0.239496     -7.86896     0.532689     -7.27998    -0.320272     -7.50481           -1           -1           -1           -1 
48063.300000 48064.300000    -0.162308     -6.75801    0.0662954     -8.03787     0.612877     -7.35119    -0.373641     -7.52364           -1           -1           -1           -1 
48064.300000 48065.300000    -0.124821     -6.57173    0.0716008     -8.05381     0.535689     -7.34781    -0.383151     -7.48929           -1           -1           -1           -1 
48065.300000 48066.300000    -0.282039     -6.47047     0.133876     -8.04883     0.517984     -7.33674    -0.397459     -7.44941           -1           -1           -1           -1 
48066.300000 48067.300000    -0.332969     -6.38712     0.182491     -7.95132     0.528821     -7.33394    -0.345744     -7.43025           -1           -1           -1           -1 
48067.300000 48068.300000     -0.25452     -6.45072    0.0753566     -7.93007     0.505519     -7.35789     -0.29346     -7.43856           -1           -1           -1           -1 
48068.300000 48069.300000    0.0189474     -6.59639  -0.00743185     -7.98936     0.466188     -7.35146    -0.209217     -7.47717           -1           -1           -1           -1 
48069.300000 48070.300000   -0.0934047     -6.68984    0.0230676     -7.99928     0.286449      -7.1181    -0.215724     -7.47279           -1           -1           -1           -1 
48070.300000 48071.300000    -0.184966     -6.68617    0.0677482     -8.00283     0.246629     -7.02572    -0.214266     -7.47539           -1           -1           -1           -1 
48071.300000 48072.300000    -0.173062     -6.62803    0.0900421     -8.00915     0.270099     -7.00275     -0.21075     -7.48401           -1           -1           -1           -1 
48072.300000 48073.300000    -0.171869     -6.69674     0.104016     -8.00836     0.245477     -6.98959     -0.22236     -7.48264           -1           -1           -1           -1 
48073.300000 48074.300000    -0.197194     -6.74259     0.124046     -8.00781     0.214998      -7.1374    -0.349686     -7.49803           -1           -1           -1           -1 
48074.300000 48075.300000    -0.212323     -6.75704     0.168608     -7.99785      0.18719     -7.29099    -0.387487     -7.50164           -1           -1           -1           -1 
48075.300000 48076.300000    -0.215941     -6.76175     0.185738     -8.01779     0.247849     -6.88759    -0.378153     -7.46791           -1           -1           -1           -1 
48076.300000 48077.300000    -0.222547     -6.78855     0.199586     -8.02633     0.213596     -6.89752    -0.460255     -7.32104           -1           -1           -1           -1 
48077.300000 48078.300000    -0.248973     -6.82598     0.332098     -7.96145     0.212165     -6.96942    -0.448178     -7.27417           -1           -1           -1           -1 
48078.300000 48079.300000    -0.241289     -6.83024     0.277726      -7.9511     0.222738     -6.92619    -0.456299     -7.30739           -1           -1           -1           -1 
48079.300000 48080.300000    -0.354973     -6.87141     0.215087     -7.98036     0.265079     -6.91025    -0.422238     -7.31403           -1           -1           -1           -1 
48080.300000 48081.300000    -0.382706     -6.87605      0.36243     -7.88498     0.303843     -6.94851    -0.408434     -7.34402           -1           -1           -1           -1 
48081.300000 48082.300000    -0.371591     -6.83874     0.425884     -7.72244     0.294386     -6.99246    -0.367389     -7.35132           -1           -1           -1           -1 
48082.300000 48083.300000    -0.376372      -6.7989     0.298107     -7.63025     0.292986      -7.0319    -0.377346     -7.32594           -1           -1           -1           -1 
48083.300000 48084.300000    -0.319451     -6.80937     0.183277      -7.5566     0.292713     -7.00404    -0.401143     -7.33177           -1           -1           -1           -1 
48084.300000 48085.300000    -0.211723     -6.71713     0.221138     -7.65798      0.29226     -7.09351    -0.364508     -7.37089           -1           -1           -1           -1 
48085.300000 48086.300000    -0.283635     -6.81715      0.17991      -7.6195     0.295949     -7.01596     -0.35214     -7.41239           -1           -1           -1           -1 
48086.300000 48087.300000    -0.344917     -6.89418     0.164655     -7.63809     0.294118     -7.01417    -0.403238     -7.57147           -1           -1           -1           -1 
48087.300000 48088.300000    -0.347422     -6.89854     0.175935     -7.64456     0.269242      -7.0906    -0.431705     -7.75691           -1           -1           -1           -1 
48088.300000 48089.300000    -0.332288     -6.88477     0.180908     -7.65832     0.265812     -7.18726    -0.444783     -7.73742           -1           -1           -1           -1 
48089.300000 48090.300000    -0.310501     -6.87208      0.15099     -7.64031     0.247068     -7.07843     -0.45291     -7.72757           -1           -1           -1           -1 
48090.300000 48091.300000    -0.292918     -6.86165      0.17678     -7.62424     0.200104     -6.99915     -0.44776     -7.70244           -1           -1           -1           -1 
48091.300000 48092.300000    -0.298865     -6.87211     0.198919     -7.61041      0.20572      -7.1474    -0.451656     -7.67858           -1           -1           -1           -1 
48092.300000 48093.300000    -0.316482     -6.87897      0.20987     -7.60105     0.211553     -7.18647    -0.444252     -7.67567           -1           -1           -1           -1 
48093.300000 48094.300000    -0.306966     -6.88018     0.203952     -7.51042     0.188178     -7.10522    -0.442291     -7.67611           -1           -1           -1           -1 
48094.300000 48095.300000    -0.306238     -6.88671     0.206639     -7.50989      0.22775     -7.22728    -0.434112     -7.67691           -1           -1           -1           -1 
48095.300000 48096.300000    -0.309879     -6.89006     0.254062     -7.55214     0.342017     -7.24324    -0.440214      -7.6646           -1           -1           -1           -1 
48096.300000 48097.300000     -0.31702     -6.89419     0.187246     -7.58354     0.257296     -7.12974    -0.445792     -7.66735           -1           -1           -1           -1 
48097.300000 48098.300000     -0.32565       -6.894      0.18038     -7.58825     0.232773      -7.1243    -0.440612     -7.65622           -1           -1           -1           -1 
48098.300000 48099.300000     -0.32192     -6.88767     0.181389     -7.56359     0.210822     -7.12172    -0.298214     -7.60825           -1           -1           -1           -1 
48099.300000 48100.300000    -0.304541     -6.87079     0.189276     -7.55652     0.224947     -7.12661    -0.363045     -7.47873           -1           -1           -1           -1 
48100.300000 48101.300000    -0.324338     -6.87727     0.196547     -7.55631     0.183667     -7.20094    -0.315024     -7.30856           -1           -1           -1           -1 
48101.300000 48102.300000    -0.340825     -6.88687     0.189204     -7.56166     0.173559     -7.08893    -0.180878     -7.44344           -1           -1           -1           -1 
48102.300000 48103.300000    -0.362785     -6.92214     0.178993     -7.59231     0.123003     -7.03735    -0.117181     -7.50494           -1           -1           -1           -1 
48103.300000 48104.300000    -0.372803     -6.93358     0.144219      -7.5671     0.100671     -7.04988    -0.180651     -7.40342           -1           -1           -1           -1 
48104.300000 48105.300000    -0.362832     -6.92064    0.0649787     -7.45025     0.126695     -7.01917    -0.171703     -7.39641           -1           -1           -1           -1 
48105.300000 48106.300000    -0.357223      -6.8903    0.0686246     -7.53791     0.171236     -6.92403     -0.12845     -7.47765           -1           -1           -1           -1 
48106.300000 48107.300000    -0.284022     -6.86081   -0.0149552     -7.60442     0.164058     -6.94472    -0.132394     -7.43464           -1           -1           -1           -1 
48107.300000 48108.300000    -0.291007     -6.87039     0.223666     -7.55767     0.152879     -6.97057    -0.147611     -7.43932           -1           -1           -1           -1 
48108.300000 48109.300000    -0.222024     -6.77157     0.133151     -7.60819     0.133148     -7.03575    -0.188803     -7.40002           -1           -1           -1           -1 
48109.300000 48110.300000    -0.296049     -6.80605     0.175364     -7.59198     0.138277     -7.07917     -0.22967     -7.34755           -1           -1           -1           -1 
48110.300000 48111.300000    -0.325057     -6.84376     0.166269     -7.59417     0.133925     -7.10682    -0.232778     -7.33747           -1           -1           -1           -1 
48111.300000 48112.300000    -0.324818     -6.88562     0.159355     -7.58798     0.135403     -7.11478    -0.239589     -7.32293           -1           -1           -1           -1 
48112.300000 48113.300000     -0.32919     -6.90259     0.179782     -7.57877      0.12374     -7.11393    -0.257735     -7.31802           -1           -1           -1           -1 
48113.300000 48114.300000    -0.471081      -7.1094     0.168756     -7.59211     0.137798     -7.13909    -0.414638     -7.28461           -1           -1           -1           -1 
48114.300000 48115.300000    -0.433373     -6.95017     0.185914     -7.58797     0.140636     -7.15168     -0.45853     -7.29443           -1           -1           -1           -1 
48115.300000 48116.300000    -0.456407      -6.8522     0.187441     -7.57739     0.142655     -7.17567    -0.713483     -7.30646           -1           -1           -1           -1 
48116.300000 48117.300000     -0.42124     -6.87887     0.156533     -7.58943     0.142734     -7.15326    -0.878811     -7.31735           -1           -1           -1           -1 
48117.300000 48118.300000    -0.407684     -6.85196     0.110222     -7.55609      0.14077     -7.13876    -0.708203     -7.35384           -1           -1           -1           -1 
48118.300000 48119.300000    -0.360305     -6.88867    0.0594198     -7.46805     0.134249     -7.13865    -0.457128     -7.41442           -1           -1           -1           -1 
48119.300000 48120.300000    -0.286294     -6.91394    0.0578018     -7.47005     0.124876     -7.13015    -0.461848     -7.38383           -1           -1           -1           -1 
48120.300000 48121.300000    -0.368851     -6.90945    0.0721653     -7.47902     0.117293     -7.11018    -0.441857     -7.38188           -1           -1           -1           -1 
48121.300000 48122.300000    -0.435377     -6.88931     0.016634     -7.51653     0.120917      -7.1067    -0.464789     -7.34872           -1           -1           -1           -1 
48122.300000 48123.300000    -0.331784     -6.88782    -0.027674     -7.63593     0.125201     -7.09338    -0.399021     -7.39346           -1           -1           -1           -1 
48123.300000 48124.300000    -0.325597     -6.86064   -0.0632413     -7.87498     0.120101     -7.08073    -0.397352     -7.38606           -1           -1           -1           -1 
48124.300000 48125.300000    -0.352781     -6.84133   -0.0503044     -7.86697     0.142471     -7.11541    -0.399966     -7.38298           -1           -1           -1           -1 
48125.300000 48126.300000    -0.387541     -6.86356   -0.0562327     -7.88494     0.145481     -7.14233    -0.412532      -7.3794           -1           -1           -1           -1 
48126.300000 48127.300000     -0.35903     -6.95513    -0.069163     -7.90461     0.163052      -7.1992    -0.453624     -7.34753           -1           -1           -1           -1 
48127.300000 48128.300000    -0.448668     -6.91774   -0.0625585     -7.92527     0.164298      -7.1965    -0.655357     -7.34916           -1           -1           -1           -1 
48128.300000 48129.300000    -0.401999     -6.90602   -0.0469549      -7.9385     0.152038     -7.16902    -0.568322     -7.42042           -1           -1           -1           -1 
48129.300000 48130.300000    -0.410333     -6.97956   -0.0468485     -8.04864     0.154384     -7.16929    -0.407464     -7.44406           -1           -1           -1           -1 
48130.300000 48131.300000    -0.343776     -6.93256   -0.0790067     -7.98783     0.162329     -7.20054    -0.437364     -7.42436           -1           -1           -1           -1 
48131.300000 48132.300000    -0.105107     -6.60864   0.00932561     -7.72759     0.200705     -7.26093    -0.418883     -7.41362           -1           -1           -1           -1 
48132.300000 48133.300000     0.086606     -6.63978     0.120413     -7.56213     0.219628     -7.27084    -0.305366     -7.40081           -1           -1           -1           -1 
48133.300000 48134.300000     0.182172     -6.67802      0.09748     -7.46541     0.215665     -7.25089    -0.305519     -7.33082           -1           -1           -1           -1 
48134.300000 48135.300000   -0.0820539     -6.73648    0.0672555     -7.48282     0.225583     -7.23488    -0.280579     -7.30553           -1           -1           -1           -1 
48135.300000 48136.300000    -0.150867     -6.73264   -0.0264508     -7.59621     0.262217      -7.2887    -0.306705     -7.28412           -1           -1           -1           -1 
48136.300000 48137.300000    -0.135849     -6.71108    -0.103857     -7.89698     0.225743     -7.27765    -0.320336     -7.28517           -1           -1           -1           -1 
48137.300000 48138.300000   -0.0506533     -6.60521   -0.0851398     -7.83741     0.216311     -7.15847    -0.267828     -7.25361           -1           -1           -1           -1 
48138.300000 48139.300000     0.152504     -6.42545    0.0337052     -7.62926      0.27641     -7.21732    -0.222224     -7.25609           -1           -1           -1           -1 
48139.300000 48140.300000     0.129318     -6.50141    0.0494044      -7.6238     0.291691     -7.24873    -0.200222     -7.26341           -1           -1           -1           -1 
48140.300000 48141.300000    -0.128843     -6.71509     0.141437      -7.5482     0.317539     -7.22831    -0.203839     -7.26735           -1           -1           -1           -1 
48141.300000 48142.300000    -0.158076     -6.74139     0.113211     -7.50383      0.28083     -7.17704    -0.213456       -7.262           -1           -1           -1           -1 
48142.300000 48143.300000    -0.252846     -6.92167     0.134611     -7.48975     0.294857     -7.26633    -0.221317     -7.25236           -1           -1           -1           -1 
48143.300000 48144.300000    -0.397088     -7.21542     0.117664     -7.49738     0.288031     -7.27089    -0.162026     -7.32037           -1           -1           -1           -1 
48144.300000 48145.300000    -0.322207     -7.26469     0.126007     -7.49652     0.273414     -7.31694    -0.149952     -7.35481           -1           -1           -1           -1 
48145.300000 48146.300000    -0.215362      -7.0692     0.147329     -7.47996     0.321443     -7.31239    -0.166117     -7.32503           -1           -1           -1           -1 
48146.300000 48147.300000    -0.190686     -6.78519     0.127933     -7.48396     0.631404     -6.98817    -0.203498     -7.26353           -1           -1           -1           -1 
48147.300000 48148.300000    -0.180714     -6.81436     0.120251     -7.49552     0.393225     -7.00464     -0.30455      -7.2635           -1           -1           -1           -1 
48148.300000 48149.300000    -0.193572     -6.86801     0.112187      -7.5064    0.0635476     -7.31523    -0.305029     -7.27361           -1           -1           -1           -1 
48149.300000 48150.300000    -0.238171     -6.88577     0.105325     -7.52399    0.0094837     -7.34122    -0.313555     -7.25194           -1           -1           -1           -1 
48150.300000 48151.300000    -0.318331      -6.9551     0.127374     -7.52675    0.0327108     -7.30812    -0.345643     -7.22409           -1           -1           -1           -1 
48151.300000 48152.300000    -0.283406     -6.97715     0.110859     -7.54313    0.0167479     -7.29145    -0.362526     -7.21894           -1           -1           -1           -1 
48152.300000 48153.300000    -0.197841     -6.98613    0.0172563     -7.52538   0.00360539     -7.23902    -0.309148     -7.24758           -1           -1           -1           -1 
48153.300000 48154.300000     -0.17795     -6.71364    0.0033637     -7.47758    0.0157148     -7.15615    -0.361886     -7.24674           -1           -1           -1           -1 
48154.300000 48155.300000     -0.19774     -6.59815    0.0549346      -7.4471     0.184624     -7.14179    -0.245403      -7.2747           -1           -1           -1           -1 
48155.300000 48156.300000     -0.21834     -6.61999     0.152598     -7.51918     0.609673     -6.93395    -0.294493     -7.31209           -1           -1           -1           -1 
48156.300000 48157.300000    -0.360615     -6.66235     0.126403     -7.58545     0.589989     -6.77337    -0.432688     -7.47036           -1           -1           -1           -1 
48157.300000 48158.300000    -0.612359     -6.66037     0.165912     -7.64551     0.561567     -6.76845    -0.485847     -7.38215           -1           -1           -1           -1 
48158.300000 48159.300000    -0.653145     -6.62924     0.179967     -7.64943     0.558407     -6.76938    -0.411792     -7.35003           -1           -1           -1           -1 
48159.300000 48160.300000    -0.588991     -6.60544     0.158116     -7.61821     0.512991     -6.71938    -0.387811      -7.3524           -1           -1           -1           -1 
48160.300000 48161.300000    0.0108078      -6.3234     0.137453     -7.58841     0.545249     -6.74733    -0.360274     -7.33201           -1           -1           -1           -1 
48161.300000 48162.300000     0.164834     -6.18328     0.162865     -7.59198     0.646813     -6.63351    -0.348746     -7.31764           -1           -1           -1           -1 
48162.300000 48163.300000     0.160874     -6.19116     0.129064     -7.58368     0.593803     -6.51735     -0.26238     -7.25692           -1           -1           -1           -1 
48163.300000 48164.300000     0.177767     -6.25586     0.101376     -7.58321      0.59258     -6.47405    -0.266386     -7.25426           -1           -1           -1           -1 
48164.300000 48165.300000    0.0229814     -6.50568      0.10435     -7.57745     0.539664     -6.46603    -0.314311     -7.24723           -1           -1           -1           -1 
48165.300000 48166.300000   -0.0208476      -6.6823      0.11057      -7.5723     0.497267     -6.54393     -0.32497     -7.24838           -1           -1           -1           -1 
48166.300000 48167.300000   -0.0854183     -6.74782     0.126341      -7.5789     0.534017     -6.97729    -0.313121      -7.2475           -1           -1           -1           -1 
48167.300000 48168.300000    -0.144777     -6.69929     0.166451     -7.54359     0.563758     -7.17306    -0.314308     -7.24546           -1           -1           -1           -1 
48168.300000 48169.300000  -0.00628522     -6.59094     0.120186     -7.55518     0.481672     -7.16309    -0.324861     -7.24431           -1           -1           -1           -1 
48169.300000 48170.300000     0.083947      -6.5599   -0.0677775     -7.56367     0.645585     -7.04125    -0.325379     -7.24643           -1           -1           -1           -1 
48170.300000 48171.300000     0.103777     -6.62984     0.149721     -7.60839     0.730365     -6.81289    -0.344745     -7.25027           -1           -1           -1           -1 
48171.300000 48172.300000    0.0531451      -6.6341      0.26832     -7.68836     0.592004     -6.47966    -0.373174      -7.2591           -1           -1           -1           -1 
48172.300000 48173.300000     0.125082     -6.54139     0.235679     -7.64932     0.521631     -6.47187    -0.407094     -7.25053           -1           -1           -1           -1 
48173.300000 48174.300000     0.209446     -6.47407     0.150486     -7.59676     0.510458     -6.46579    -0.406712      -7.2522           -1           -1           -1           -1 
48174.300000 48175.300000     0.203525      -6.4201     0.203898     -7.41211     0.428508     -6.76924    -0.408677     -7.25234           -1           -1           -1           -1 
48175.300000 48176.300000     0.199668     -6.36966     0.214691     -7.39773     0.347894     -7.22328    -0.420638     -7.25634           -1           -1           -1           -1 
48176.300000 48177.300000     0.147846      -6.5371     0.133389     -7.45368     0.282602     -7.27921    -0.421118      -7.2731           -1           -1           -1           -1 
48177.300000 48178.300000    -0.281467     -6.84302     0.151719      -7.4729     0.301717     -7.29174    -0.405943     -7.27639           -1           -1           -1           -1 
48178.300000 48179.300000    -0.478438     -6.87194     0.124838     -7.46941     0.251229     -7.27738     -0.39921     -7.26806           -1           -1           -1           -1 
48179.300000 48180.300000    -0.441366     -6.86599    0.0910637     -7.45196     0.176167     -7.18669    -0.402121     -7.26928           -1           -1           -1           -1 
48180.300000 48181.300000    -0.380421     -6.84323    0.0736978     -7.41959     0.115242     -7.01115    -0.397151     -7.26053           -1           -1           -1           -1 
48181.300000 48182.300000    -0.376107     -6.84714    0.0617434     -7.37119     0.138596     -7.06368    -0.407417     -7.26553           -1           -1           -1           -1 
48182.300000 48183.300000    -0.225019     -6.87737     0.119924     -7.43272      0.22623     -7.20179    -0.405892     -7.27149           -1           -1           -1           -1 
48183.300000 48184.300000    -0.072372     -6.53492     0.276046     -7.39769     0.191923     -7.19023    -0.403391     -7.27402           -1           -1           -1           -1 
48184.300000 48185.300000     0.115575     -6.45359     0.214545     -7.39149     0.151941     -7.16176    -0.405302     -7.27755           -1           -1           -1           -1 
48185.300000 48186.300000     0.111375     -6.45089  -0.00144137     -7.46095     0.168026     -6.83885    -0.405185     -7.27718           -1           -1           -1           -1 
48186.300000 48187.300000    0.0871634     -6.46889   0.00725494      -7.4683     0.175717      -6.6726    -0.316577     -7.26223           -1           -1           -1           -1 
48187.300000 48188.300000   -0.0153348       -6.518     0.026361     -7.46422     0.157022     -6.62079    -0.262236     -7.26519           -1           -1           -1           -1 
48188.300000 48189.300000     -0.12851     -6.58454    0.0387869     -7.46226      0.12304     -6.60037    -0.317313     -7.25952           -1           -1           -1           -1 
48189.300000 48190.300000    -0.162317     -6.50963    0.0463621     -7.46079    0.0851831     -6.62128    -0.362063     -7.20817           -1           -1           -1           -1 
48190.300000 48191.300000    -0.278717     -6.48188    0.0518912     -7.45803    0.0769838     -6.69339    -0.316975     -7.26761           -1           -1           -1           -1 
48191.300000 48192.300000    -0.222947     -6.56104    0.0717222     -7.45966     0.198314     -6.99999    -0.287044     -7.29077           -1           -1           -1           -1 
48192.300000 48193.300000    -0.257719     -6.72649    0.0718784     -7.47647     0.195633     -7.18929    -0.281745      -7.2719           -1           -1           -1           -1 
48193.300000 48194.300000     -0.23425     -6.64989     0.116567     -7.49304     0.170174     -6.97682    -0.286944     -7.25658           -1           -1           -1           -1 
48194.300000 48195.300000    -0.227693     -6.67066     0.114585     -7.49243     0.187349     -6.91477    -0.289671     -7.25685           -1           -1           -1           -1 
48195.300000 48196.300000    -0.222207     -6.57867     0.112866     -7.49404      0.18574     -6.91269    -0.289264     -7.26141           -1           -1           -1           -1 
48196.300000 48197.300000    -0.114279     -6.29883     0.119766     -7.49018     0.246757     -6.88325    -0.275724     -7.26728           -1           -1           -1           -1 
48197.300000 48198.300000   -0.0939852     -6.25425     0.129616     -7.48779     0.252938     -6.74617    -0.282125      -7.2827           -1           -1           -1           -1 
48198.300000 48199.300000     -0.12628     -6.20313     0.159664     -7.49398     0.217247     -6.69909    -0.303825     -7.27988           -1           -1           -1           -1 
48199.300000 48200.300000      -0.1202      -6.2117      0.21127     -7.49932     0.210458     -6.69379    -0.300368      -7.2925           -1           -1           -1           -1 
48200.300000 48201.300000    -0.109082     -6.21569     0.208228     -7.46939     0.203846     -7.00646     -0.25973     -7.39002           -1           -1           -1           -1 
48201.300000 48202.300000    -0.106481     -6.25861     0.140275     -7.45582     0.261178     -7.17481    -0.241067     -7.44284           -1           -1           -1           -1 
48202.300000 48203.300000   -0.0834142     -6.37304     0.146752     -7.46354     0.313014     -7.18806    -0.222909     -7.44499           -1           -1           -1           -1 
48203.300000 48204.300000    -0.095279     -6.42304     0.150782      -7.4674     0.335216     -7.19538    -0.190824      -7.4631           -1           -1           -1           -1 
48204.300000 48205.300000   -0.0859809     -6.50261     0.154597     -7.46012     0.319626     -7.20392     -0.19469     -7.45417           -1           -1           -1           -1 
48205.300000 48206.300000    -0.108014     -6.60759     0.144922     -7.44425     0.282023     -7.18861    -0.198929     -7.42624           -1           -1           -1           -1 
48206.300000 48207.300000    -0.114208     -6.62302    0.0880959     -7.42505     0.255387     -7.20006    -0.233645     -7.38169           -1           -1           -1           -1 
48207.300000 48208.300000    -0.106238     -6.60485     0.106136     -7.48563     0.202913     -7.22273    -0.262626     -7.37807           -1           -1           -1           -1 
48208.300000 48209.300000    -0.147484     -6.54872     0.154158     -7.46436     0.206399     -7.20037     -0.28416     -7.33738           -1           -1           -1           -1 
48209.300000 48210.300000    -0.283882     -6.62573    0.0719626     -7.66533     0.198643     -7.04813    -0.248993     -7.38023           -1           -1           -1           -1 
48210.300000 48211.300000    -0.262549     -6.50186    0.0555349     -7.54507     0.173709     -7.03947    -0.281895     -7.29912           -1           -1           -1           -1 
48211.300000 48212.300000    -0.158281     -6.12219    0.0852999     -7.46126     0.127385     -7.03072    -0.335053     -7.17256           -1           -1           -1           -1 
48212.300000 48213.300000    -0.124652     -6.11349    0.0744726     -7.53511     0.135488      -7.1473    -0.269526     -7.18454           -1           -1           -1           -1 
48213.300000 48214.300000   -0.0514919     -6.46443     0.112357      -7.5177     0.156625     -7.20338    -0.164993     -7.27257           -1           -1           -1           -1 
48214.300000 48215.300000     -0.15662     -6.94288     0.125184     -7.51031     0.142703     -7.21113   -0.0716359     -7.37655           -1           -1           -1           -1 
48215.300000 48216.300000    -0.143385     -7.06965    0.0995074      -7.4796     0.245687     -7.24777    -0.161983     -7.27014           -1           -1           -1           -1 
48216.300000 48217.300000    -0.186552     -6.89121    0.0585349     -7.47925      0.21557     -7.12434    -0.167382     -7.24072           -1           -1           -1           -1 
48217.300000 48218.300000    -0.217834     -6.66568    0.0500343     -7.48742     0.227208     -7.09877    -0.153731     -7.21073           -1           -1           -1           -1 
48218.300000 48219.300000    -0.283831     -6.79049    0.0528013      -7.4832     0.214002     -7.09147    -0.148665     -7.18215           -1           -1           -1           -1 
48219.300000 48220.300000    -0.355852     -6.96779    0.0777314     -7.47726     0.208349     -7.11104    -0.138687     -7.18288           -1           -1           -1           -1 
48220.300000 48221.300000    -0.376891     -7.04234     0.102518     -7.43133     0.198125     -7.19822    -0.150822     -7.17993           -1           -1           -1           -1 
48221.300000 48222.300000    -0.286591     -6.74313     0.124118     -7.43784     0.276457     -7.13883    -0.146768     -7.22455           -1           -1           -1           -1 
48222.300000 48223.300000    -0.276527     -6.69494     0.148156     -7.48467     0.241515     -7.00153    -0.193895      -7.1896           -1           -1           -1           -1 
48223.300000 48224.300000    -0.277406      -6.6863     0.114213     -7.47031     0.427447     -6.91626    -0.232661     -7.15012           -1           -1           -1           -1 
48224.300000 48225.300000    -0.228662     -6.52924      0.12607     -7.50124     0.419093     -6.93615    -0.236284     -7.22845           -1           -1           -1           -1 
48225.300000 48226.300000    -0.277071     -6.57493     0.119843      -7.4943     0.444858     -6.90118    -0.194216     -7.32194           -1           -1           -1           -1 
48226.300000 48227.300000    -0.326573     -6.75567     0.118943     -7.47767     0.440934     -6.86779    -0.155371     -7.31538           -1           -1           -1           -1 
48227.300000 48228.300000    -0.299914     -6.77753     0.120114     -7.46755     0.355259       -6.874    -0.163685     -7.29106           -1           -1           -1           -1 
48228.300000 48229.300000    -0.206001     -6.82557     0.102479     -7.45336     0.313157     -6.92704    -0.178367     -7.25997           -1           -1           -1           -1 
48229.300000 48230.300000     -0.19286     -6.81436     0.105402      -7.4551     0.440328     -6.86561    -0.176271     -7.28236           -1           -1           -1           -1 
48230.300000 48231.300000     -0.18374     -6.79966     0.108344     -7.45496     0.395025     -6.85026    -0.177791     -7.27215           -1           -1           -1           -1 
48231.300000 48232.300000    -0.184255     -6.80765    0.0992138     -7.44644     0.321337     -6.87908    -0.159113     -7.27284           -1           -1           -1           -1 
48232.300000 48233.300000    -0.177221     -6.83661     0.091758     -7.43927     0.307493     -6.90256    -0.162157     -7.28204           -1           -1           -1           -1 
48233.300000 48234.300000    -0.188512     -6.84788    0.0907778     -7.43389      0.32875     -6.93798    -0.163342      -7.2964           -1           -1           -1           -1 
48234.300000 48235.300000    -0.167981      -6.7552    0.0819595     -7.40981     0.294271      -6.9624    -0.171425     -7.27662           -1           -1           -1           -1 
48235.300000 48236.300000    -0.170939     -6.69835    0.0635183      -7.4005     0.114596     -6.75169    -0.208397     -7.23168           -1           -1           -1           -1 
48236.300000 48237.300000    -0.166917     -6.69298    0.0719621     -7.40161     0.110385     -6.74904    -0.242628     -7.16973           -1           -1           -1           -1 
48237.300000 48238.300000    -0.175742     -6.67218     0.085209     -7.39975     0.107871     -6.78173    -0.225498     -7.01507           -1           -1           -1           -1 
48238.300000 48239.300000    -0.172087     -6.66907    0.0803945     -7.40035     0.101028      -6.7492    -0.219825     -6.98501           -1           -1           -1           -1 
48239.300000 48240.300000    -0.171141     -6.67331     0.111689     -7.41477     0.103228      -6.7631    -0.204461     -6.98242           -1           -1           -1           -1 
48240.300000 48241.300000    -0.169704     -6.67514      0.16637     -7.47651     0.100037     -6.77029    -0.212381     -6.97501           -1           -1           -1           -1 
48241.300000 48242.300000    -0.170779     -6.67326     0.165376      -7.4903     0.110383     -6.79679    -0.215824     -6.96828           -1           -1           -1           -1 
48242.300000 48243.300000    -0.168255       -6.678     0.150134     -7.47275      0.25133     -7.04591    -0.209986     -6.98068           -1           -1           -1           -1 
48243.300000 48244.300000    -0.168985     -6.67778     0.140227      -7.4624     0.419141     -7.11873    -0.209543     -6.98929           -1           -1           -1           -1 
48244.300000 48245.300000    -0.228201     -6.70295     0.130842     -7.46396     0.399496     -7.10383     -0.20919     -6.99058           -1           -1           -1           -1 
48245.300000 48246.300000    -0.326995     -6.70817     0.121963     -7.45956     0.395647     -7.11033    -0.213663     -6.98559           -1           -1           -1           -1 
48246.300000 48247.300000     -0.30734     -6.70537     0.131601      -7.4561     0.381235     -7.12315    -0.219701     -6.98235           -1           -1           -1           -1 
48247.300000 48248.300000    -0.308832      -6.7108     0.126002     -7.45432     0.391855     -7.10797      -0.2288     -6.98705           -1           -1           -1           -1 
48248.300000 48249.300000    -0.313746     -6.74079     0.105153     -7.43024     0.389639     -7.11013    -0.230281     -6.99713           -1           -1           -1           -1 
48249.300000 48250.300000    -0.343213     -6.83938    0.0877063     -7.41499     0.331912     -7.23178    -0.224543     -7.01353           -1           -1           -1           -1 
48250.300000 48251.300000    -0.359783     -6.74451     0.080535     -7.46487    0.0900183     -7.27112    -0.203644     -7.03051           -1           -1           -1           -1 
48251.300000 48252.300000    -0.418005     -6.74741    0.0666875     -7.52917     0.391323     -7.13013    -0.191676     -7.06317           -1           -1           -1           -1 
48252.300000 48253.300000    -0.428728     -6.74016    0.0508436     -7.52837     0.509147     -7.10044    -0.218979     -7.19498           -1           -1           -1           -1 
48253.300000 48254.300000    -0.410533     -6.71809     0.093359     -7.50237     0.514142     -7.09626    -0.231638     -7.23011           -1           -1           -1           -1 
48254.300000 48255.300000    -0.402744     -6.72244    0.0982152     -7.47861     0.490568     -7.06256    -0.257098      -7.1261           -1           -1           -1           -1 
48255.300000 48256.300000    -0.401348     -6.72207     0.134209     -7.40854     0.476679     -7.07092    -0.270872     -7.04918           -1           -1           -1           -1 
48256.300000 48257.300000    -0.398636     -6.71865      0.18139     -7.32137     0.474958     -7.07619      -0.2325     -7.03622           -1           -1           -1           -1 
48257.300000 48258.300000    -0.398792     -6.72315    0.0256562     -7.39924     0.467789     -7.08362    -0.227212      -7.0358           -1           -1           -1           -1 
48258.300000 48259.300000    -0.397341     -6.73134   -0.0403808     -7.45192     0.437628     -7.14732    -0.232903     -7.03724           -1           -1           -1           -1 
48259.300000 48260.300000     -0.38252     -6.83992     0.205482      -7.5113     0.411441      -7.1663    -0.284332     -7.03518           -1           -1           -1           -1 
48260.300000 48261.300000    -0.399899        -6.84     0.252953     -7.53555     0.399551     -7.17121    -0.283297     -7.14961           -1           -1           -1           -1 
48261.300000 48262.300000    -0.411662     -6.82892     0.244397     -7.53265     0.399155     -7.19954    -0.164611     -7.34798           -1           -1           -1           -1 
48262.300000 48263.300000    -0.410966     -6.82565     0.249516     -7.52896     0.395075     -7.23101    -0.152084     -7.33568           -1           -1           -1           -1 
48263.300000 48264.300000    -0.404424     -6.82744     0.236838      -7.5299     0.389959     -7.22721    -0.146422      -7.3234           -1           -1           -1           -1 
48264.300000 48265.300000    -0.415496     -6.85323     0.210145     -7.53871     0.418828      -7.2321     -0.12981     -7.34605           -1           -1           -1           -1 
48265.300000 48266.300000    -0.419411     -6.85703     0.235681     -7.52151     0.433474     -7.20897    -0.166487     -7.27945           -1           -1           -1           -1 
48266.300000 48267.300000    -0.423755     -6.85162     0.277941     -7.50126     0.423838     -7.20553    -0.204638     -7.24055           -1           -1           -1           -1 
48267.300000 48268.300000     -0.41826     -6.86624     0.273613     -7.49676     0.394161     -7.21818    -0.171414     -7.27449           -1           -1           -1           -1 
48268.300000 48269.300000    -0.418765     -6.86532     0.268763     -7.49548      0.37771     -7.24545    -0.126418     -7.31858           -1           -1           -1           -1 
48269.300000 48270.300000    -0.416498     -6.86619     0.193164     -7.49014     0.532403     -7.39373    -0.169475     -7.22441           -1           -1           -1           -1 
48270.300000 48271.300000      -0.3617     -6.87652   0.00939644     -7.49448     0.707368     -6.78665    -0.228516     -7.17488           -1           -1           -1           -1 
48271.300000 48272.300000    -0.315311     -6.86943     0.190652     -7.51955     0.889519     -6.67413    -0.260054     -7.16551           -1           -1           -1           -1 
48272.300000 48273.300000    -0.255918     -6.90955     0.258519      -7.4834      1.08372     -6.47557    -0.269922     -7.21168           -1           -1           -1           -1 
48273.300000 48274.300000    -0.218263     -6.80118     0.262196      -7.4909      1.05414     -6.58529    -0.283843     -7.19046           -1           -1           -1           -1 
48274.300000 48275.300000    -0.205949     -6.77965     0.262346     -7.48655      1.24475     -6.43886    -0.246728     -7.16341           -1           -1           -1           -1 
48275.300000 48276.300000    -0.241076     -6.47473     0.225831     -7.50433      1.38166     -6.31174    -0.242608     -7.17123           -1           -1           -1           -1 
48276.300000 48277.300000    -0.261859     -6.51979     0.221144     -7.52171      1.42899     -6.23401    -0.263566     -7.24055           -1           -1           -1           -1 
48277.300000 48278.300000    -0.157791     -6.40385     0.222737     -7.51695      1.35103      -6.2381    -0.250542     -7.15051           -1           -1           -1           -1 
48278.300000 48279.300000    -0.195253     -6.46645     0.195719     -7.46575      1.28789     -6.33629    -0.291509     -6.88896           -1           -1           -1           -1 
48279.300000 48280.300000    -0.235361     -6.43431     0.174458     -7.42068      1.23533     -6.84082    -0.278058     -6.88462           -1           -1           -1           -1 
48280.300000 48281.300000    -0.241662     -6.45055     0.190534      -7.4443     0.921917     -7.33167    -0.269748      -6.9135           -1           -1           -1           -1 
48281.300000 48282.300000    -0.277504      -6.5823     0.175026     -7.43968     0.494838     -7.08073    -0.277001     -6.99214           -1           -1           -1           -1 
48282.300000 48283.300000    -0.274006     -6.58684     0.185083     -7.44084     0.417955      -7.1658    -0.182265     -7.09963           -1           -1           -1           -1 
48283.300000 48284.300000    -0.314345     -6.63012     0.193709     -7.44954     0.427489      -7.2506    -0.104876     -7.23391           -1           -1           -1           -1 
48284.300000 48285.300000    -0.317745     -6.62565     0.215293     -7.46197      0.34309     -7.14995    -0.191985     -7.35283           -1           -1           -1           -1 
48285.300000 48286.300000    -0.288747     -6.65742     0.188406     -7.45523     0.212484     -7.23888    -0.170257     -7.34389           -1           -1           -1           -1 
48286.300000 48287.300000    -0.300492      -6.6844     0.123009     -7.44763     0.173841     -7.23962    -0.286414     -7.31334           -1           -1           -1           -1 
48287.300000 48288.300000    -0.246846     -6.66599     0.170586     -7.46049     0.429322     -7.37913    -0.204572     -7.30459           -1           -1           -1           -1 
48288.300000 48289.300000    -0.180181     -6.55671    0.0787008     -7.44368     0.410989     -7.21424    -0.251726     -7.21591           -1           -1           -1           -1 
48289.300000 48290.300000    -0.137383     -6.54612      0.10112     -7.28048     0.361914     -7.11851    -0.271691     -7.15951           -1           -1           -1           -1 
48290.300000 48291.300000    -0.163126     -6.63212     0.107833     -7.26642      0.39466     -7.14781    -0.271805     -7.10478           -1           -1           -1           -1 
48291.300000 48292.300000    -0.162147     -6.67833     0.118743     -7.25532     0.361913     -7.16882    -0.265977     -7.11893           -1           -1           -1           -1 
48292.300000 48293.300000    -0.332486     -6.61163     0.133113     -7.30007     0.375202     -7.06589    -0.222021      -7.1183           -1           -1           -1           -1 
48293.300000 48294.300000    -0.643494     -6.46827     0.130194     -7.24756     0.360847     -7.13381    -0.133774     -7.17182           -1           -1           -1           -1 
48294.300000 48295.300000    -0.687335     -6.46885   -0.0422126     -7.22527      0.33187     -7.01921    -0.267981     -7.23593           -1           -1           -1           -1 
48295.300000 48296.300000    -0.676749     -6.46444   -0.0172996     -7.23851     0.329784     -6.98621    -0.387792     -7.18539           -1           -1           -1           -1 
48296.300000 48297.300000    -0.693766       -6.461     0.119947     -7.24326     0.372486     -7.06647    -0.299341     -7.23518           -1           -1           -1           -1 
48297.300000 48298.300000    -0.682399     -6.46751     0.171537     -7.20181     0.361008     -7.08871    -0.299531      -7.2109           -1           -1           -1           -1 
48298.300000 48299.300000    -0.675732     -6.47315     0.127066     -7.22483     0.373294     -7.10402    -0.381479     -7.17961           -1           -1           -1           -1 
48299.300000 48300.300000    -0.662929     -6.49363    0.0569501     -7.40267     0.371701      -7.0891    -0.387573     -7.18635           -1           -1           -1           -1 
48300.300000 48301.300000    -0.651841     -6.51917    0.0446722     -7.44983     0.376439     -7.08784    -0.334884     -7.22487           -1           -1           -1           -1 
48301.300000 48302.300000    -0.649004     -6.51398    0.0703516     -7.45971     0.376649     -7.10082    -0.298994     -7.20511           -1           -1           -1           -1 
48302.300000 48303.300000    -0.645401     -6.52076    0.0968791     -7.47013     0.496602     -7.10249    -0.315853     -7.23263           -1           -1           -1           -1 
48303.300000 48304.300000    -0.639908       -6.523    0.0925408     -7.48171     0.547466     -7.04899    -0.346488      -7.2651           -1           -1           -1           -1 
48304.300000 48305.300000    -0.640797     -6.52155     0.105223     -7.48859     0.497563       -6.848    -0.300604     -7.25206           -1           -1           -1           -1 
48305.300000 48306.300000      -0.7084     -6.50777     0.118525     -7.45885     0.412745     -7.08252    -0.243333     -7.32501           -1           -1           -1           -1 
48306.300000 48307.300000    -0.649165     -6.50988   -0.0110019     -7.54636     0.365033     -6.90513    -0.256652      -7.3257           -1           -1           -1           -1 
48307.300000 48308.300000    -0.644127      -6.5042    -0.160786     -7.97444     0.391402     -6.99509    -0.248286     -7.23906           -1           -1           -1           -1 
48308.300000 48309.300000    -0.479234     -6.43542    -0.287382      -8.2445      1.06495      -6.7295    -0.312957     -6.94772           -1           -1           -1           -1 
48309.300000 48310.300000    -0.398242     -6.33314    -0.316456     -8.21811      1.39064     -6.39909    -0.224615     -6.96135           -1           -1           -1           -1 
48310.300000 48311.300000    -0.535876     -6.52165     -0.32912     -8.26313      1.41393     -6.34543   -0.0569858     -6.94455           -1           -1           -1           -1 
48311.300000 48312.300000     -0.49264     -6.49741    -0.289683     -8.12942       1.3194     -6.42254    0.0366639     -6.88038           -1           -1           -1           -1 
48312.300000 48313.300000    -0.152655     -6.51213    -0.133104     -7.98329      1.07523     -6.67762    -0.104219     -7.04693           -1           -1           -1           -1 
48313.300000 48314.300000    -0.115393     -6.55665     0.139156     -7.81951      1.18764     -6.41602   -0.0712593     -7.16576           -1           -1           -1           -1 
48314.300000 48315.300000    -0.173756     -6.37675    -0.108176     -8.05447     0.885959     -6.49437    -0.172886     -6.84097           -1           -1           -1           -1 
48315.300000 48316.300000    -0.540209     -6.26945    -0.229346      -8.5484      1.04056     -6.31128    -0.192948     -6.79816           -1           -1           -1           -1 
48316.300000 48317.300000    -0.568459     -6.36712    -0.188382     -8.69878      1.28706     -6.17275   -0.0183283     -6.71298           -1           -1           -1           -1 
48317.300000 48318.300000    -0.440208     -6.26228    -0.242714     -8.53815      1.13214      -6.2905    0.0937269     -6.63181           -1           -1           -1           -1 
48318.300000 48319.300000    -0.301217     -6.22267    -0.140912     -7.99773      1.09992     -6.25903   -0.0109576     -6.71891           -1           -1           -1           -1 
48319.300000 48320.300000    -0.139519     -6.31506   -0.0819415     -7.80813     0.995237     -6.67073    -0.189889     -6.87542           -1           -1           -1           -1 
48320.300000 48321.300000    -0.123505     -6.45762    -0.384375     -8.10505     0.938984     -7.41388    -0.218334     -6.88233           -1           -1           -1           -1 
48321.300000 48322.300000    -0.149641      -6.5311      -0.3823     -8.23179     0.466032      -7.4281     -0.23445     -6.89723           -1           -1           -1           -1 
48322.300000 48323.300000     -0.13258     -6.53184   -0.0739587     -8.24076   -0.0541559     -7.39066    -0.198068     -6.89383           -1           -1           -1           -1 
48323.300000 48324.300000    -0.113582     -6.56869    -0.107515     -7.79458    -0.198848     -7.45485    -0.189348     -6.97637           -1           -1           -1           -1 
48324.300000 48325.300000    -0.129675     -6.58928     -0.28253     -7.55038     -0.20616     -7.45211    -0.208293     -7.07302           -1           -1           -1           -1 
48325.300000 48326.300000    -0.169043     -6.63117    -0.290403     -7.54916    -0.204728     -7.43761    -0.216816     -7.11046           -1           -1           -1           -1 
48326.300000 48327.300000    -0.127968     -6.55466    -0.469689     -7.62038   -0.0454874     -7.41275    -0.209483     -7.09824           -1           -1           -1           -1 
48327.300000 48328.300000    -0.131179     -6.57507    -0.720603      -7.7039     0.196708      -7.1692    -0.209299     -7.06241           -1           -1           -1           -1 
48328.300000 48329.300000    -0.137191     -6.55127    -0.726893     -7.70481     0.324828     -7.21132    -0.210576     -7.03032           -1           -1           -1           -1 
48329.300000 48330.300000    -0.109081     -6.38062     -0.64605     -7.72159     0.450713     -7.17303    -0.224091     -6.99103           -1           -1           -1           -1 
48330.300000 48331.300000   -0.0913981     -6.35892    -0.218649     -7.52893      0.30337     -7.07317    -0.175281     -6.93947           -1           -1           -1           -1 
48331.300000 48332.300000   -0.0890301     -6.50502    0.0337743     -7.41229     0.287137     -7.02428    -0.154448     -6.85975           -1           -1           -1           -1 
48332.300000 48333.300000   -0.0868086     -6.46105     0.552405     -7.59013     0.286764     -7.03405    -0.118073     -7.00775           -1           -1           -1           -1 
48333.300000 48334.300000   -0.0734225     -6.33605     0.830888     -7.22125     0.209042     -7.05614    -0.200053     -6.96672           -1           -1           -1           -1 
48334.300000 48335.300000    -0.106811     -6.27577      0.87975     -6.64191     0.276181     -6.65631     -0.20501     -6.94857           -1           -1           -1           -1 
48335.300000 48336.300000   -0.0954901     -6.42156     0.718507     -6.37651     0.505241     -6.58931   -0.0217203     -6.96142           -1           -1           -1           -1 
48336.300000 48337.300000   -0.0871596     -6.44331     0.867192     -6.42898     0.636232     -6.60887   -0.0448539     -6.92686           -1           -1           -1           -1 
48337.300000 48338.300000   -0.0227406     -6.25085     0.784254     -6.39807     0.711102     -6.59884     0.267253     -6.99748           -1           -1           -1           -1 
48338.300000 48339.300000 -0.000392299     -6.44923     0.761639     -6.46972     0.765989     -6.76149     0.438175     -6.93476           -1           -1           -1           -1 
48339.300000 48340.300000  -0.00944916     -6.53071     0.781974     -6.41706     0.886514     -6.68523     0.518753      -6.8665           -1           -1           -1           -1 
48340.300000 48341.300000   -0.0109952     -6.49818      1.09127     -6.47874     0.918973     -6.76186     0.388134     -6.94335           -1           -1           -1           -1 
48341.300000 48342.300000   -0.0383327     -6.52212      1.50756     -7.20858     0.732857     -7.26224     0.186601     -7.16965           -1           -1           -1           -1 
48342.300000 48343.300000    -0.122426      -6.4218      1.01057     -7.99846     0.713081     -7.44435     0.221398     -7.01307           -1           -1           -1           -1 
48343.300000 48344.300000    -0.170456     -6.28035     0.867445      -7.9421     0.859781     -7.48039      0.12725     -7.01744           -1           -1           -1           -1 
48344.300000 48345.300000     -0.16365     -6.38993     0.887977     -7.88618     0.827977     -7.45509    -0.332845     -7.12208           -1           -1           -1           -1 
48345.300000 48346.300000    -0.298015     -6.33997     0.907498     -7.90931     0.458738     -7.20867    -0.336608     -7.09545           -1           -1           -1           -1 
48346.300000 48347.300000    -0.318935     -6.26131     0.884015      -8.0221     0.138014     -7.11645    -0.291358     -7.07209           -1           -1           -1           -1 
48347.300000 48348.300000    -0.374627     -6.12408     0.709274     -7.93781     0.214936      -7.3071    -0.529937     -6.96348           -1           -1           -1           -1 
48348.300000 48349.300000    -0.324623     -6.31131     0.788264     -7.65986     0.447814       -6.887    -0.526768      -7.0089           -1           -1           -1           -1 
48349.300000 48350.300000    -0.295344     -6.37203      1.12535     -7.48643     0.585498     -6.83313    -0.549324     -7.23357           -1           -1           -1           -1 
48350.300000 48351.300000    -0.284986     -6.35352     0.658659     -7.68132     0.161092     -6.94214    -0.808693     -7.31835           -1           -1           -1           -1 
48351.300000 48352.300000     -0.26087      -6.4271     0.415237      -7.6551    -0.685341     -7.59544    -0.814406     -7.15467           -1           -1           -1           -1 
48352.300000 48353.300000    -0.283511     -6.42205     0.110666      -7.3867     -1.17861      -7.7466    -0.818808     -6.68279           -1           -1           -1           -1 
48353.300000 48354.300000    -0.374719     -6.41271    -0.223176     -7.26228     -1.19921     -7.82332    -0.900346     -6.42602           -1           -1           -1           -1 
48354.300000 48355.300000    -0.358155     -6.44232     -0.40336     -7.26257     -1.27048     -7.88742    -0.973236     -6.31438           -1           -1           -1           -1 
48355.300000 48356.300000    -0.574951     -6.94287    -0.396446     -7.19667     -1.24044     -7.93309     -1.17775     -5.89066           -1           -1           -1           -1 
48356.300000 48357.300000    -0.753898      -6.9338    -0.434185     -7.25787     -1.23456     -8.07306     -1.52279     -5.43367           -1           -1           -1           -1 
48357.300000 48358.300000    -0.874014     -6.46539    -0.404921     -6.91181    -0.861219     -7.76472     -2.00812     -5.24654           -1           -1           -1           -1 
48358.300000 48359.300000     -1.15522     -5.73138    -0.711549     -6.80969     -1.47701     -7.11262      -2.2708     -5.19678           -1           -1           -1           -1 
48359.300000 48360.300000     -1.54705      -5.4804      -1.1041     -6.43688      -1.9566     -6.35269     -2.32618     -5.17335           -1           -1           -1           -1 
48360.300000 48361.300000     -1.59918     -5.84733     -1.59241     -6.21767     -2.56267     -5.88882     -2.66962     -5.13644           -1           -1           -1           -1 
48361.300000 48362.300000     -1.85862     -6.01762     -1.94427     -6.59627     -3.22837     -5.70043      -3.2369     -5.02437           -1           -1           -1           -1 
48362.300000 48363.300000     -2.52798     -5.62071     -2.54908     -6.39409     -3.97937     -5.43479     -3.83827      -4.8001           -1           -1           -1           -1 
48363.300000 48364.300000     -3.11142     -5.26202     -3.25871     -5.91715     -4.38343     -5.04362     -4.15045     -5.20013           -1           -1           -1           -1 
48364.300000 48365.300000     -3.18939     -5.17459     -3.40545      -5.7371     -4.48923     -5.01448     -4.15045     -5.20013           -1           -1           -1           -1 
48365.300000 48366.300000     -3.18939     -5.17459     -3.40545      -5.7371     -4.48923     -5.01448     -4.15045     -5.20013           -1           -1           -1           -1 
48366.300000 48367.300000     -3.18939     -5.17459     -3.40545      -5.7371     -4.48923     -5.01448     -4.15045     -5.20013           -1           -1           -1           -1 
48367.300000 48368.300000     -3.18939     -5.17459     -3.40545      -5.7371     -4.48923     -5.01448     -4.15045     -5.20013           -1           -1           -1           -1 
48368.300000 48369.300000     -3.18939     -5.17459     -3.40545      -5.7371     -4.48923     -5.01448     -4.15045     -5.20013           -1           -1           -1           -1 
48369.300000 48370.300000     -3.18939     -5.17459     -3.40545      -5.7371     -4.48923     -5.01448     -4.15045     -5.20013           -1           -1           -1           -1 
48370.300000 48371.300000     -3.18939     -5.17459     -3.40545      -5.7371     -4.48923     -5.01448     -4.15045     -5.20013           -1           -1           -1           -1 
48371.300000 48372.300000     -3.18939     -5.17459     -3.40545      -5.7371     -4.48923     -5.01448     -4.15045     -5.20013           -1           -1           -1           -1 
48372.300000 48373.300000     -3.18939     -5.17459     -3.40545      -5.7371     -4.48923     -5.01448     -4.15045     -5.20013           -1           -1           -1           -1 
48373.300000 48374.300000     -3.18939     -5.17459     -4.06634     -5.53276     -4.48923     -5.01448     -4.15045     -5.20013           -1           -1           -1           -1 
48374.300000 48375.300000     -6.34018       -4.828     -6.33144     -4.79294     -4.48923     -5.01448     -4.15045     -5.20013           -1           -1           -1           -1 
48375.300000 48376.300000     -6.34018       -4.828     -6.12441     -4.75948     -4.48923     -5.01448     -6.13687     -4.72792           -1           -1           -1           -1 
48376.300000 48377.300000     -6.34018       -4.828     -6.28111     -4.63802     -4.48923     -5.01448     -6.19875     -4.69161           -1           -1           -1           -1 
48377.300000 48378.300000     -6.34018       -4.828     -6.55306     -4.46456     -4.48923     -5.01448     -6.65599     -4.46077           -1           -1           -1           -1 
48378.300000 48379.300000     -6.34018       -4.828     -6.55306     -4.46456     -4.48923     -5.01448     -6.65599     -4.46077           -1           -1           -1           -1 
48379.300000 48380.300000     -6.34018       -4.828     -6.55306     -4.46456     -4.48923     -5.01448     -6.65599     -4.46077           -1           -1           -1           -1 
48380.300000 48381.300000     -6.34018       -4.828     -6.55306     -4.46456     -4.48923     -5.01448     -6.65599     -4.46077           -1           -1           -1           -1 
48381.300000 48382.300000     -6.34018       -4.828     -6.55306     -4.46456     -4.48923     -5.01448     -6.65599     -4.46077           -1           -1           -1           -1 
48382.300000 48383.300000     -6.34018       -4.828     -6.55306     -4.46456     -4.48923     -5.01448     -6.65599     -4.46077           -1           -1           -1           -1 
48383.300000 48384.300000     -6.34018       -4.828     -6.55306     -4.46456     -4.48923     -5.01448     -6.65599     -4.46077           -1           -1           -1           -1 
48384.300000 48385.300000     -6.34018       -4.828     -6.55306     -4.46456     -4.48923     -5.01448     -6.65599     -4.46077           -1           -1           -1           -1 
48385.300000 48386.300000     -6.34018       -4.828     -6.55306     -4.46456     -4.48923     -5.01448     -6.65599     -4.46077           -1           -1           -1           -1 
48386.300000 48387.300000     -6.34018       -4.828     -6.55306     -4.46456     -4.48923     -5.01448     -6.65599     -4.46077           -1           -1           -1           -1 
48387.300000 48388.300000     -6.34018       -4.828     -6.55306     -4.46456     -4.48923     -5.01448     -6.65599     -4.46077           -1           -1           -1           -1 
48388.300000 48389.300000     -6.34018       -4.828     -6.55306     -4.46456     -4.48923     -5.01448     -6.65599     -4.46077           -1           -1           -1           -1 
48389.300000 48390.300000     -6.34018       -4.828     -6.55306     -4.46456     -4.48923     -5.01448     -6.65599     -4.46077           -1           -1           -1           -1 
48390.300000 48391.300000     -6.34018       -4.828     -6.55306     -4.46456     -4.48923     -5.01448     -6.65599     -4.46077           -1           -1           -1           -1 
48391.300000 48392.300000     -6.34018       -4.828     -6.55306     -4.46456     -4.48923     -5.01448     -6.65599     -4.46077           -1           -1           -1           -1 
48392.300000 48393.300000     -6.34018       -4.828     -6.55306     -4.46456     -4.48923     -5.01448     -6.65599     -4.46077           -1           -1           -1           -1 
48393.300000 48394.300000     -6.34018       -4.828     -6.55306     -4.46456     -4.48923     -5.01448     -6.65599     -4.46077           -1           -1           -1           -1 
48394.300000 48395.300000     -6.34018       -4.828     -6.55306     -4.46456     -4.48923     -5.01448     -6.65599     -4.46077           -1           -1           -1           -1 
48395.300000 48396.300000     -6.34018       -4.828     -6.55306     -4.46456     -4.48923     -5.01448     -6.65599     -4.46077           -1           -1           -1           -1 
48396.300000 48397.300000     -6.34018       -4.828     -6.55306     -4.46456     -4.48923     -5.01448     -6.65599     -4.46077           -1           -1           -1           -1 
48397.300000 48398.300000     -6.34018       -4.828     -6.55306     -4.46456     -4.48923     -5.01448     -6.65599     -4.46077           -1           -1           -1           -1 
48398.300000 48399.300000     -6.34018       -4.828     -6.55306     -4.46456     -4.48923     -5.01448     -6.65599     -4.46077           -1           -1           -1           -1 
48399.300000 48400.300000     -6.34018       -4.828     -6.55306     -4.46456     -4.48923     -5.01448     -6.65599     -4.46077           -1           -1           -1           -1 
48400.300000 48401.300000     -6.34018       -4.828     -6.55306     -4.46456     -4.48923     -5.01448     -6.65599     -4.46077           -1           -1           -1           -1 
